    0.000000E+00    1.379593E-02    2.617643E-02    3.720450E-02    4.694174E-02    5.544725E-02    6.277739E-02    6.898453E-02    7.411711E-02    7.821828E-02    8.132626E-02    8.347294E-02    8.468439E-02    8.497949E-02    8.437064E-02    8.286226E-02    8.045158E-02    7.712726E-02    7.287007E-02    6.765162E-02    6.143503E-02    5.417405E-02    4.581378E-02    3.629056E-02    2.553317E-02    1.346377E-02    0.000000E+00
    0.000000E+00    1.378847E-02    2.616148E-02    3.718215E-02    4.691193E-02    5.541017E-02    6.273294E-02    6.893301E-02    7.405844E-02    7.815288E-02    8.125413E-02    8.339468E-02    8.460019E-02    8.489023E-02    8.427683E-02    8.276518E-02    8.035227E-02    7.702753E-02    7.277159E-02    6.755681E-02    6.134623E-02    5.409411E-02    4.574537E-02    3.623645E-02    2.549560E-02    1.344454E-02    0.000000E+00
    0.000000E+00    1.376591E-02    2.611644E-02    3.711464E-02    4.682215E-02    5.529816E-02    6.259909E-02    6.877741E-02    7.388172E-02    7.795534E-02    8.103678E-02    8.315825E-02    8.434629E-02    8.462039E-02    8.399366E-02    8.247143E-02    8.005201E-02    7.672525E-02    7.247323E-02    6.726886E-02    6.107648E-02    5.385070E-02    4.553700E-02    3.607128E-02    2.538094E-02    1.338575E-02    0.000000E+00
    0.000000E+00    1.372796E-02    2.604056E-02    3.700102E-02    4.667089E-02    5.510965E-02    6.237355E-02    6.851551E-02    7.358391E-02    7.762273E-02    8.067030E-02    8.275978E-02    8.391774E-02    8.416492E-02    8.351481E-02    8.197442E-02    7.954285E-02    7.621206E-02    7.196532E-02    6.677779E-02    6.061504E-02    5.343337E-02    4.517862E-02    3.578659E-02    2.518282E-02    1.328405E-02    0.000000E+00
    0.000000E+00    1.367398E-02    2.593272E-02    3.683945E-02    4.645596E-02    5.484162E-02    6.205307E-02    6.814309E-02    7.316060E-02    7.714950E-02    8.014897E-02    8.219221E-02    8.330709E-02    8.351479E-02    8.283059E-02    8.126257E-02    7.881227E-02    7.547338E-02    7.123219E-02    6.606615E-02    5.994387E-02    5.282360E-02    4.465287E-02    3.536715E-02    2.489000E-02    1.313336E-02    0.000000E+00
    0.000000E+00    1.360319E-02    2.579124E-02    3.662759E-02    4.617400E-02    5.449020E-02    6.163270E-02    6.765475E-02    7.260519E-02    7.652862E-02    7.946427E-02    8.144648E-02    8.250349E-02    8.265822E-02    8.192704E-02    8.032051E-02    7.784220E-02    7.448928E-02    7.025108E-02    6.510934E-02    5.903631E-02    5.199428E-02    4.393325E-02    3.478970E-02    2.448474E-02    1.292410E-02    0.000000E+00
    0.000000E+00    1.351450E-02    2.561407E-02    3.636221E-02    4.582101E-02    5.405013E-02    6.110649E-02    6.704324E-02    7.190980E-02    7.575072E-02    7.860614E-02    8.051064E-02    8.149397E-02    8.157992E-02    8.078718E-02    7.912827E-02    7.661027E-02    7.323368E-02    6.899285E-02    6.387435E-02    5.785663E-02    5.090751E-02    4.298230E-02    3.402004E-02    2.394054E-02    1.264154E-02    0.000000E+00
    0.000000E+00    1.340665E-02    2.539857E-02    3.603958E-02    4.539182E-02    5.351532E-02    6.046693E-02    6.630026E-02    7.106458E-02    7.480513E-02    7.756209E-02    7.937118E-02    8.026271E-02    8.026240E-02    7.939050E-02    7.766270E-02    7.508919E-02    7.167546E-02    6.742111E-02    6.232001E-02    5.635830E-02    4.951299E-02    4.174791E-02    3.300909E-02    2.321765E-02    1.226304E-02    0.000000E+00
    0.000000E+00    1.327804E-02    2.514171E-02    3.565504E-02    4.488057E-02    5.287833E-02    5.970558E-02    6.541575E-02    7.005861E-02    7.367922E-02    7.631849E-02    7.801235E-02    7.879248E-02    7.868557E-02    7.771442E-02    7.589714E-02    7.324831E-02    6.977816E-02    6.549340E-02    6.039612E-02    5.448347E-02    4.774499E-02    4.015918E-02    3.168599E-02    2.225559E-02    1.175227E-02    0.000000E+00
    0.000000E+00    1.312690E-02    2.483984E-02    3.520337E-02    4.428022E-02    5.213086E-02    5.881245E-02    6.437876E-02    6.887925E-02    7.235940E-02    7.485991E-02    7.641748E-02    7.706411E-02    7.682823E-02    7.573412E-02    7.380325E-02    7.105376E-02    6.750187E-02    6.316140E-02    5.804476E-02    5.216207E-02    4.552051E-02    3.812044E-02    2.994809E-02    2.095891E-02    1.104712E-02    0.000000E+00
    0.000000E+00    1.295106E-02    2.448883E-02    3.467834E-02    4.358293E-02    5.126318E-02    5.777660E-02    6.317668E-02    6.751300E-02    7.083055E-02    7.317024E-02    7.456847E-02    7.505805E-02    7.466791E-02    7.342441E-02    7.135118E-02    6.847065E-02    6.480411E-02    6.037346E-02    5.520148E-02    4.931362E-02    4.273809E-02    3.550594E-02    2.764625E-02    1.917119E-02    1.003071E-02    0.000000E+00
    0.000000E+00    1.274808E-02    2.408375E-02    3.407295E-02    4.277950E-02    5.026455E-02    5.658551E-02    6.179596E-02    6.594485E-02    6.907693E-02    7.123227E-02    7.244720E-02    7.275409E-02    7.218262E-02    7.075988E-02    6.851193E-02    6.546411E-02    6.164295E-02    5.707708E-02    5.179978E-02    4.585105E-02    3.928178E-02    3.215824E-02    2.456879E-02    1.662760E-02    8.453869E-03    0.000000E+00
    0.000000E+00    1.251505E-02    2.361902E-02    3.337891E-02    4.185957E-02    4.912251E-02    5.522545E-02    6.022143E-02    6.415898E-02    6.708165E-02    6.902871E-02    7.003514E-02    7.013287E-02    6.935088E-02    6.771698E-02    6.525806E-02    6.200214E-02    5.797917E-02    5.322361E-02    4.777655E-02    4.169004E-02    3.503287E-02    2.790138E-02    2.043960E-02    1.288589E-02    5.701023E-03    0.000000E+00
    0.000000E+00    1.224858E-02    2.308792E-02    3.258672E-02    4.081098E-02    4.782309E-02    5.368072E-02    5.843665E-02    6.213812E-02    6.482741E-02    6.654177E-02    6.731459E-02    6.717581E-02    6.615348E-02    6.427442E-02    6.156600E-02    5.805703E-02    5.377993E-02    4.877222E-02    4.307993E-02    3.676126E-02    2.989340E-02    2.258288E-02    1.498412E-02    7.332324E-03    0.000000E+00    0.000000E+00
    0.000000E+00    1.194458E-02    2.248257E-02    3.168496E-02    3.961964E-02    4.634990E-02    5.193378E-02    5.642314E-02    5.986394E-02    6.229597E-02    6.375406E-02    6.426843E-02    6.386647E-02    6.257355E-02    6.041496E-02    5.741676E-02    5.360780E-02    4.902066E-02    4.369412E-02    3.767508E-02    3.102239E-02    2.381149E-02    1.614169E-02    8.145595E-03    0.000000E+00    0.000000E+00    0.000000E+00
    0.000000E+00    1.159811E-02    2.179334E-02    3.066007E-02    3.826862E-02    4.468393E-02    4.996413E-02    5.416037E-02    5.731620E-02    5.946856E-02    6.064813E-02    6.088116E-02    6.019054E-02    5.859812E-02    5.612581E-02    5.279768E-02    4.864081E-02    4.368700E-02    3.797379E-02    3.154644E-02    2.445984E-02    1.678154E-02    8.594587E-03    0.000000E+00    0.000000E+00    0.000000E+00    0.000000E+00
    0.000000E+00    1.120299E-02    2.100841E-02    2.949526E-02    3.673755E-02    4.280219E-02    4.774798E-02    5.162455E-02    5.447284E-02    5.632520E-02    5.720717E-02    5.713875E-02    5.613710E-02    5.421830E-02    5.140000E-02    4.770262E-02    4.315094E-02    3.777455E-02    3.160885E-02    2.469551E-02    1.708353E-02    8.829909E-03    0.000000E+00    0.000000E+00    0.000000E+00    0.000000E+00    0.000000E+00
    0.000000E+00    1.075149E-02    2.011284E-02    2.816972E-02    3.500106E-02    4.067688E-02    4.525650E-02    4.878814E-02    5.130865E-02    5.284480E-02    5.341449E-02    5.302966E-02    5.169883E-02    4.943076E-02    4.623679E-02    4.213311E-02    3.714128E-02    3.128868E-02    2.460800E-02    1.713718E-02    8.918856E-03    0.000000E+00    0.000000E+00    0.000000E+00    0.000000E+00    0.000000E+00    0.000000E+00
    0.000000E+00    1.023360E-02    1.908762E-02    2.665690E-02    3.302743E-02    3.827318E-02    4.245467E-02    4.561785E-02    4.779474E-02    4.900410E-02    4.925405E-02    4.854485E-02    4.687358E-02    4.423847E-02    4.064315E-02    3.609855E-02    3.062345E-02    2.424329E-02    1.698901E-02    8.895408E-03    0.000000E+00    0.000000E+00    0.000000E+00    0.000000E+00    0.000000E+00    0.000000E+00    0.000000E+00
    0.000000E+00    9.636242E-03    1.790785E-02    2.492261E-02    3.077590E-02    3.554730E-02    3.929853E-02    4.207311E-02    4.389640E-02    4.477721E-02    4.470994E-02    4.367920E-02    4.166550E-02    3.865291E-02    3.463495E-02    2.961745E-02    2.361733E-02    1.666007E-02    8.776433E-03    0.000000E+00    0.000000E+00    0.000000E+00    0.000000E+00    0.000000E+00    0.000000E+00    0.000000E+00    0.000000E+00
    0.000000E+00    8.941891E-03    1.654061E-02    2.292190E-02    2.819385E-02    3.244291E-02    3.573254E-02    3.810286E-02    3.957135E-02    4.013372E-02    3.976665E-02    3.843243E-02    3.608799E-02    3.269666E-02    2.823965E-02    2.271853E-02    1.615158E-02    8.567478E-03    0.000000E+00    0.000000E+00    0.000000E+00    0.000000E+00    0.000000E+00    0.000000E+00    0.000000E+00    0.000000E+00    0.000000E+00
    0.000000E+00    8.126532E-03    1.494135E-02    2.059520E-02    2.521234E-02    2.888740E-02    3.168526E-02    3.364210E-02    3.476585E-02    3.503673E-02    3.440818E-02    3.281164E-02    3.016790E-02    2.640865E-02    2.149979E-02    1.544287E-02    8.263662E-03    0.000000E+00    0.000000E+00    0.000000E+00    0.000000E+00    0.000000E+00    0.000000E+00    0.000000E+00    0.000000E+00    0.000000E+00    0.000000E+00
    0.000000E+00    7.156127E-03    1.304856E-02    1.786233E-02    2.174088E-02    2.478659E-02    2.706477E-02    2.860659E-02    2.941004E-02    2.943818E-02    2.861676E-02    2.683422E-02    2.395405E-02    1.985239E-02    1.447879E-02    7.846021E-03    0.000000E+00    0.000000E+00    0.000000E+00    0.000000E+00    0.000000E+00    0.000000E+00    0.000000E+00    0.000000E+00    0.000000E+00    0.000000E+00    0.000000E+00
    0.000000E+00    5.980130E-03    1.077488E-02    1.461442E-02    1.766049E-02    2.001920E-02    2.175283E-02    2.288670E-02    2.340998E-02    2.327115E-02    2.236756E-02    2.053248E-02    1.753378E-02    1.313157E-02    7.268817E-03    0.000000E+00    0.000000E+00    0.000000E+00    0.000000E+00    0.000000E+00    0.000000E+00    0.000000E+00    0.000000E+00    0.000000E+00    0.000000E+00    0.000000E+00    0.000000E+00
    0.000000E+00    4.517689E-03    7.991892E-03    1.070235E-02    1.281624E-02    1.443119E-02    1.559972E-02    1.633995E-02    1.663690E-02    1.643438E-02    1.561426E-02    1.395546E-02    1.107240E-02    6.417927E-03    0.000000E+00    0.000000E+00    0.000000E+00    0.000000E+00    0.000000E+00    0.000000E+00    0.000000E+00    0.000000E+00    0.000000E+00    0.000000E+00    0.000000E+00    0.000000E+00    0.000000E+00
    0.000000E+00    2.624416E-03    4.503164E-03    5.921958E-03    7.010208E-03    7.832639E-03    8.420969E-03    8.784861E-03    8.912960E-03    8.765168E-03    8.248422E-03    7.148625E-03    4.923084E-03    0.000000E+00    0.000000E+00    0.000000E+00    0.000000E+00    0.000000E+00    0.000000E+00    0.000000E+00    0.000000E+00    0.000000E+00    0.000000E+00    0.000000E+00    0.000000E+00    0.000000E+00    0.000000E+00
    0.000000E+00    0.000000E+00    0.000000E+00    0.000000E+00    0.000000E+00    0.000000E+00    0.000000E+00    0.000000E+00    0.000000E+00    0.000000E+00    0.000000E+00    0.000000E+00    0.000000E+00    0.000000E+00    0.000000E+00    0.000000E+00    0.000000E+00    0.000000E+00    0.000000E+00    0.000000E+00    0.000000E+00    0.000000E+00    0.000000E+00    0.000000E+00    0.000000E+00    0.000000E+00    0.000000E+00
